PLOT3D(
GRID(-1.57079632679490 .. 1.57079632679490,-1.57079632679490 .. 1.57079632679490,
Array(1..25, 1..25, [[.624265952639690425,.770616730302965847,.884501805136900021,.961123255099491591,.997253056288558982,.991369077996887671,.943719209328308439,.856310915751995472,.732826665572202551,.578468789354560142,.399740308304797842,.204170965192216503,0.,-.204170965192216503,-.399740308304797842,-.578468789354560142,-.732826665572202551,-.856310915751995472,-.943719209328308439,-.991369077996887671,-.997253056288558982,-.961123255099491591,-.884501805136900021,-.770616730302965847,-.624265952639690425],[.770616730302965847,.876378373564620784,.951098319820589899,.992129956600823038,.998019925772577920,.968559602107394446,.904792482875960036,.808977226728255006,.684507651037660870,.535792521437334358,.368099391454911884,.187368023512503922,0.,-.187368023512503922,-.368099391454911884,-.535792521437334358,-.684507651037660870,-.808977226728255006,-.904792482875960036,-.968559602107394446,-.998019925772577920,-.992129956600823038,-.951098319820589899,-.876378373564620784,-.770616730302965847],[.884501805136900021,.951098319820589899,.989838940052262028,.999589025379199914,.980063014001844701,.931832786345869968,.856310915751995472,.755709296839568668,.632974363241923577,.491700792065120407,.336026222505391604,.170510072120469008,0.,-.170510072120469008,-.336026222505391604,-.491700792065120407,-.632974363241923577,-.755709296839568668,-.856310915751995472,-.931832786345869968,-.980063014001844701,-.999589025379199914,-.989838940052262028,-.951098319820589899,-.884501805136900021],[.961123255099491591,.992129956600823038,.999589025379199914,.983323424736072815,.943719209328308439,.881716362383404339,.798786485739328088,.696897872223024462,.578468789354560142,.446310083161261750,.303558464367239211,.153602060372138610,0.,-.153602060372138610,-.303558464367239211,-.446310083161261750,-.578468789354560142,-.696897872223024462,-.798786485739328088,-.881716362383404339,-.943719209328308439,-.983323424736072815,-.999589025379199914,-.992129956600823038,-.961123255099491591],[.997253056288558982,.998019925772577920,.980063014001844701,.943719209328308439,.889670355301481420,.818930458649821502,.732826665572202551,.632974363241923577,.521246873642178588,.399740308304797842,.270734243310020606,.136648952320848976,0.,-.136648952320848976,-.270734243310020606,-.399740308304797842,-.521246873642178588,-.632974363241923577,-.732826665572202551,-.818930458649821502,-.889670355301481420,-.943719209328308439,-.980063014001844701,-.998019925772577920,-.997253056288558982],[.991369077996887671,.968559602107394446,.931832786345869968,.881716362383404339,.818930458649821502,.744377252728753547,.659128007868322152,.564407679881236301,.461577315619458917,.352114495941702299,.237592104190913562,.119655725259840402,0.,-.119655725259840402,-.237592104190913562,-.352114495941702299,-.461577315619458917,-.564407679881236301,-.659128007868322152,-.744377252728753547,-.818930458649821502,-.881716362383404339,-.931832786345869968,-.968559602107394446,-.991369077996887671],[.943719209328308439,.904792482875960036,.856310915751995472,.798786485739328088,.732826665572202551,.659128007868322152,.578468789354560142,.491700792065120407,.399740308304797842,.303558464367239211,.204170965192216503,.102627368260964760,0.,-.102627368260964760,-.204170965192216503,-.303558464367239211,-.399740308304797842,-.491700792065120407,-.578468789354560142,-.659128007868322152,-.732826665572202551,-.798786485739328088,-.856310915751995472,-.904792482875960036,-.943719209328308439],[.856310915751995472,.808977226728255006,.755709296839568668,.696897872223024462,.632974363241923577,.564407679881236301,.491700792065120407,.415387040128242958,.336026222505391604,.254200489338069935,.170510072120469008,.855688807099351106e-1,0.,-.855688807099351106e-1,-.170510072120469008,-.254200489338069935,-.336026222505391604,-.415387040128242958,-.491700792065120407,-.564407679881236301,-.632974363241923577,-.696897872223024462,-.755709296839568668,-.808977226728255006,-.856310915751995472],[.732826665572202551,.684507651037660870,.632974363241923577,.578468789354560142,.521246873642178588,.461577315619458917,.399740308304797842,.336026222505391604,.270734243310020606,.204170965192216503,.136648952320848976,.684852708385470660e-1,0.,-.684852708385470660e-1,-.136648952320848976,-.204170965192216503,-.270734243310020606,-.336026222505391604,-.399740308304797842,-.461577315619458917,-.521246873642178588,-.578468789354560142,-.632974363241923577,-.684507651037660870,-.732826665572202551],[.578468789354560142,.535792521437334358,.491700792065120407,.446310083161261750,.399740308304797842,.352114495941702299,.303558464367239211,.254200489338069935,.204170965192216503,.153602060372138610,.102627368260964760,.513815542543031093e-1,0.,-.513815542543031093e-1,-.102627368260964760,-.153602060372138610,-.204170965192216503,-.254200489338069935,-.303558464367239211,-.352114495941702299,-.399740308304797842,-.446310083161261750,-.491700792065120407,-.535792521437334358,-.578468789354560142],[.399740308304797842,.368099391454911884,.336026222505391604,.303558464367239211,.270734243310020606,.237592104190913562,.204170965192216503,.170510072120469008,.136648952320848976,.102627368260964760,.684852708385470660e-1,.342627524678714088e-1,0.,-.342627524678714088e-1,-.684852708385470660e-1,-.102627368260964760,-.136648952320848976,-.170510072120469008,-.204170965192216503,-.237592104190913562,-.270734243310020606,-.303558464367239211,-.336026222505391604,-.368099391454911884,-.399740308304797842],[.204170965192216503,.187368023512503922,.170510072120469008,.153602060372138610,.136648952320848976,.119655725259840402,.102627368260964760,.855688807099351106e-1,.684852708385470660e-1,.513815542543031093e-1,.342627524678714088e-1,.171338914188115463e-1,0.,-.171338914188115463e-1,-.342627524678714088e-1,-.513815542543031093e-1,-.684852708385470660e-1,-.855688807099351106e-1,-.102627368260964760,-.119655725259840402,-.136648952320848976,-.153602060372138610,-.170510072120469008,-.187368023512503922,-.204170965192216503],[0.,0.,0.,0.,0.,0.,0.,0.,0.,0.,0.,0.,0.,0.,0.,0.,0.,0.,0.,0.,0.,0.,0.,0.,0.],[-.204170965192216503,-.187368023512503922,-.170510072120469008,-.153602060372138610,-.136648952320848976,-.119655725259840402,-.102627368260964760,-.855688807099351106e-1,-.684852708385470660e-1,-.513815542543031093e-1,-.342627524678714088e-1,-.171338914188115463e-1,0.,.171338914188115463e-1,.342627524678714088e-1,.513815542543031093e-1,.684852708385470660e-1,.855688807099351106e-1,.102627368260964760,.119655725259840402,.136648952320848976,.153602060372138610,.170510072120469008,.187368023512503922,.204170965192216503],[-.399740308304797842,-.368099391454911884,-.336026222505391604,-.303558464367239211,-.270734243310020606,-.237592104190913562,-.204170965192216503,-.170510072120469008,-.136648952320848976,-.102627368260964760,-.684852708385470660e-1,-.342627524678714088e-1,0.,.342627524678714088e-1,.684852708385470660e-1,.102627368260964760,.136648952320848976,.170510072120469008,.204170965192216503,.237592104190913562,.270734243310020606,.303558464367239211,.336026222505391604,.368099391454911884,.399740308304797842],[-.578468789354560142,-.535792521437334358,-.491700792065120407,-.446310083161261750,-.399740308304797842,-.352114495941702299,-.303558464367239211,-.254200489338069935,-.204170965192216503,-.153602060372138610,-.102627368260964760,-.513815542543031093e-1,0.,.513815542543031093e-1,.102627368260964760,.153602060372138610,.204170965192216503,.254200489338069935,.303558464367239211,.352114495941702299,.399740308304797842,.446310083161261750,.491700792065120407,.535792521437334358,.578468789354560142],[-.732826665572202551,-.684507651037660870,-.632974363241923577,-.578468789354560142,-.521246873642178588,-.461577315619458917,-.399740308304797842,-.336026222505391604,-.270734243310020606,-.204170965192216503,-.136648952320848976,-.684852708385470660e-1,0.,.684852708385470660e-1,.136648952320848976,.204170965192216503,.270734243310020606,.336026222505391604,.399740308304797842,.461577315619458917,.521246873642178588,.578468789354560142,.632974363241923577,.684507651037660870,.732826665572202551],[-.856310915751995472,-.808977226728255006,-.755709296839568668,-.696897872223024462,-.632974363241923577,-.564407679881236301,-.491700792065120407,-.415387040128242958,-.336026222505391604,-.254200489338069935,-.170510072120469008,-.855688807099351106e-1,0.,.855688807099351106e-1,.170510072120469008,.254200489338069935,.336026222505391604,.415387040128242958,.491700792065120407,.564407679881236301,.632974363241923577,.696897872223024462,.755709296839568668,.808977226728255006,.856310915751995472],[-.943719209328308439,-.904792482875960036,-.856310915751995472,-.798786485739328088,-.732826665572202551,-.659128007868322152,-.578468789354560142,-.491700792065120407,-.399740308304797842,-.303558464367239211,-.204170965192216503,-.102627368260964760,0.,.102627368260964760,.204170965192216503,.303558464367239211,.399740308304797842,.491700792065120407,.578468789354560142,.659128007868322152,.732826665572202551,.798786485739328088,.856310915751995472,.904792482875960036,.943719209328308439],[-.991369077996887671,-.968559602107394446,-.931832786345869968,-.881716362383404339,-.818930458649821502,-.744377252728753547,-.659128007868322152,-.564407679881236301,-.461577315619458917,-.352114495941702299,-.237592104190913562,-.119655725259840402,0.,.119655725259840402,.237592104190913562,.352114495941702299,.461577315619458917,.564407679881236301,.659128007868322152,.744377252728753547,.818930458649821502,.881716362383404339,.931832786345869968,.968559602107394446,.991369077996887671],[-.997253056288558982,-.998019925772577920,-.980063014001844701,-.943719209328308439,-.889670355301481420,-.818930458649821502,-.732826665572202551,-.632974363241923577,-.521246873642178588,-.399740308304797842,-.270734243310020606,-.136648952320848976,0.,.136648952320848976,.270734243310020606,.399740308304797842,.521246873642178588,.632974363241923577,.732826665572202551,.818930458649821502,.889670355301481420,.943719209328308439,.980063014001844701,.998019925772577920,.997253056288558982],[-.961123255099491591,-.992129956600823038,-.999589025379199914,-.983323424736072815,-.943719209328308439,-.881716362383404339,-.798786485739328088,-.696897872223024462,-.578468789354560142,-.446310083161261750,-.303558464367239211,-.153602060372138610,0.,.153602060372138610,.303558464367239211,.446310083161261750,.578468789354560142,.696897872223024462,.798786485739328088,.881716362383404339,.943719209328308439,.983323424736072815,.999589025379199914,.992129956600823038,.961123255099491591],[-.884501805136900021,-.951098319820589899,-.989838940052262028,-.999589025379199914,-.980063014001844701,-.931832786345869968,-.856310915751995472,-.755709296839568668,-.632974363241923577,-.491700792065120407,-.336026222505391604,-.170510072120469008,0.,.170510072120469008,.336026222505391604,.491700792065120407,.632974363241923577,.755709296839568668,.856310915751995472,.931832786345869968,.980063014001844701,.999589025379199914,.989838940052262028,.951098319820589899,.884501805136900021],[-.770616730302965847,-.876378373564620784,-.951098319820589899,-.992129956600823038,-.998019925772577920,-.968559602107394446,-.904792482875960036,-.808977226728255006,-.684507651037660870,-.535792521437334358,-.368099391454911884,-.187368023512503922,0.,.187368023512503922,.368099391454911884,.535792521437334358,.684507651037660870,.808977226728255006,.904792482875960036,.968559602107394446,.998019925772577920,.992129956600823038,.951098319820589899,.876378373564620784,.770616730302965847],[-.624265952639690425,-.770616730302965847,-.884501805136900021,-.961123255099491591,-.997253056288558982,-.991369077996887671,-.943719209328308439,-.856310915751995472,-.732826665572202551,-.578468789354560142,-.399740308304797842,-.204170965192216503,0.,.204170965192216503,.399740308304797842,.578468789354560142,.732826665572202551,.856310915751995472,.943719209328308439,.991369077996887671,.997253056288558982,.961123255099491591,.884501805136900021,.770616730302965847,.624265952639690425]],
datatype = float[8], storage = rectangular, order = C_order)
),
STYLE(PATCHNOGRID),
AXESLABELS(x,y,"")
);