#================================================================#
# Produced with JavaViewLib v3.0 :: A JavaView - Maple Package
# Authored by:  Steven Peter Dugaro and Konrad Polthier
# JVL Homepage: www.javaview.de/maple
#================================================================#

PLOT3D(GRID(-3.14159265358979 .. 3.14159265358979,-3.14159265358979 .. 3.14159265358979,Array(1..25, 1..25, [[.208798741758285434e-28,.167253481630081970e-14,.323108914886518766e-14,.456945009556167932e-14,.559641056961896722e-14,.624198491186247340e-14,.646217829773034692e-14,.624198491186246788e-14,.559641056961895776e-14,.456945009556166592e-14,.323108914886517228e-14,.167253481630080216e-14,.215233774061196934e-29,-.167253481630079782e-14,-.323108914886516873e-14,-.456945009556166276e-14,-.559641056961895538e-14,-.624198491186246709e-14,-.646217829773034692e-14,-.624198491186247419e-14,-.559641056961896800e-14,-.456945009556168090e-14,-.323108914886519082e-14,-.167253481630082246e-14,-.237496578299778358e-28],[.167253481630081970e-14,.133974596215564262,.258819045102524736,.366025403784443482,.448287736084032162,.500000000000005662,.517638090205047140,.500000000000005218,.448287736084031440,.366025403784442428,.258819045102523460,.133974596215562847,.172408117850591104e-15,-.133974596215562513,-.258819045102523182,-.366025403784442206,-.448287736084031274,-.500000000000005218,-.517638090205047140,-.500000000000005772,-.448287736084032272,-.366025403784443592,-.258819045102524958,-.133974596215564484,-.190241230676827438e-14],[.323108914886518766e-14,.258819045102524736,.500000000000004440,.707106781186552346,.866025403784443592,.965925826289073086,1.00000000000000444,.965925826289072310,.866025403784442150,.707106781186550238,.500000000000001998,.258819045102522016,.333066907387548441e-15,-.258819045102521350,-.500000000000001442,-.707106781186549794,-.866025403784441816,-.965925826289072198,-1.00000000000000444,-.965925826289073198,-.866025403784443816,-.707106781186552568,-.500000000000004884,-.258819045102525180,-.367517835871525264e-14],[.456945009556167932e-14,.366025403784443482,.707106781186552346,1.00000000000000488,1.22474487139159360,1.36602540378444260,1.41421356237309848,1.36602540378444148,1.22474487139159138,1.00000000000000178,.707106781186549016,.366025403784439652,.471027737605133659e-15,-.366025403784438708,-.707106781186548240,-1.00000000000000134,-1.22474487139159094,-1.36602540378444126,-1.41421356237309848,-1.36602540378444282,-1.22474487139159383,-1.00000000000000510,-.707106781186553012,-.366025403784444148,-.519748707903519126e-14],[.559641056961896722e-14,.448287736084032162,.866025403784443592,1.22474487139159360,1.50000000000000378,1.67303260747561876,1.73205080756887942,1.67303260747561722,1.50000000000000110,1.22474487139158983,.866025403784439374,.448287736084027444,.576888805915069884e-15,-.448287736084026334,-.866025403784438486,-1.22474487139158916,-1.50000000000000066,-1.67303260747561722,-1.73205080756887942,-1.67303260747561876,-1.50000000000000400,-1.22474487139159383,-.866025403784444370,-.448287736084032938,-.636559564417239334e-14],[.624198491186247340e-14,.500000000000005662,.965925826289073086,1.36602540378444260,1.67303260747561876,1.86602540378444038,1.93185165257813751,1.86602540378443904,1.67303260747561588,1.36602540378443860,.965925826289068424,.500000000000000444,.643435855455722101e-15,-.499999999999999112,-.965925826289067314,-1.36602540378443770,-1.67303260747561522,-1.86602540378443882,-1.93185165257813751,-1.86602540378444060,-1.67303260747561898,-1.36602540378444304,-.965925826289073864,-.500000000000006550,-.709989938580343606e-14],[.646217829773034692e-14,.517638090205047140,1.00000000000000444,1.41421356237309848,1.73205080756887942,1.93185165257813751,2.,1.93185165257813596,1.73205080756887653,1.41421356237309426,.99999999999999966,.517638090205041700,.666133814775093924e-15,-.517638090205040368,-.99999999999999856,-1.41421356237309337,-1.73205080756887586,-1.93185165257813574,-2.,-1.93185165257813773,-1.73205080756887986,-1.41421356237309892,-1.00000000000000532,-.517638090205048030,-.735035671743047216e-14],[.624198491186246788e-14,.500000000000005218,.965925826289072310,1.36602540378444148,1.67303260747561722,1.86602540378443904,1.93185165257813596,1.86602540378443748,1.67303260747561454,1.36602540378443748,.965925826289067646,.500000000000000000,.643435855455721608e-15,-.499999999999998722,-.965925826289066536,-1.36602540378443660,-1.67303260747561388,-1.86602540378443726,-1.93185165257813596,-1.86602540378443926,-1.67303260747561766,-1.36602540378444192,-.965925826289073086,-.500000000000006106,-.709989938580343054e-14],[.559641056961895776e-14,.448287736084031440,.866025403784442150,1.22474487139159138,1.50000000000000110,1.67303260747561588,1.73205080756887653,1.67303260747561454,1.49999999999999866,1.22474487139158783,.866025403784437930,.448287736084026722,.576888805915068898e-15,-.448287736084025556,-.866025403784437042,-1.22474487139158694,-1.49999999999999800,-1.67303260747561432,-1.73205080756887653,-1.67303260747561610,-1.50000000000000156,-1.22474487139159183,-.866025403784442926,-.448287736084032218,-.636559564417238308e-14],[.456945009556166592e-14,.366025403784442428,.707106781186550238,1.00000000000000178,1.22474487139158983,1.36602540378443860,1.41421356237309426,1.36602540378443748,1.22474487139158783,.99999999999999888,.707106781186546906,.366025403784438542,.471027737605132279e-15,-.366025403784437598,-.707106781186546130,-.99999999999999822,-1.22474487139158739,-1.36602540378443726,-1.41421356237309426,-1.36602540378443860,-1.22474487139159027,-1.00000000000000222,-.707106781186550904,-.366025403784443038,-.519748707903517548e-14],[.323108914886517228e-14,.258819045102523460,.500000000000001998,.707106781186549016,.866025403784439374,.965925826289068424,.99999999999999966,.965925826289067646,.866025403784437930,.707106781186546906,.499999999999999666,.258819045102520740,.333066907387546863e-15,-.258819045102520074,-.499999999999999112,-.707106781186546462,-.866025403784437598,-.965925826289067536,-.99999999999999966,-.965925826289068534,-.866025403784439596,-.707106781186549238,-.500000000000002442,-.258819045102523904,-.367517835871523450e-14],[.167253481630080216e-14,.133974596215562847,.258819045102522016,.366025403784439652,.448287736084027444,.500000000000000444,.517638090205041700,.500000000000000000,.448287736084026722,.366025403784438542,.258819045102520740,.133974596215561431,.172408117850589305e-15,-.133974596215561098,-.258819045102520462,-.366025403784438320,-.448287736084026556,-.499999999999999944,-.517638090205041700,-.500000000000000444,-.448287736084027554,-.366025403784439762,-.258819045102522238,-.133974596215563069,-.190241230676825466e-14],[.215233774061196934e-29,.172408117850591104e-15,.333066907387548441e-15,.471027737605133659e-15,.576888805915069884e-15,.643435855455722101e-15,.666133814775093924e-15,.643435855455721608e-15,.576888805915068898e-15,.471027737605132279e-15,.333066907387546863e-15,.172408117850589305e-15,.221867129593409570e-30,-.172408117850588861e-15,-.333066907387546469e-15,-.471027737605131983e-15,-.576888805915068702e-15,-.643435855455721509e-15,-.666133814775093924e-15,-.643435855455722200e-15,-.576888805915069984e-15,-.471027737605133758e-15,-.333066907387548737e-15,-.172408117850591400e-15,-.244816058006984878e-29],[-.167253481630079782e-14,-.133974596215562513,-.258819045102521350,-.366025403784438708,-.448287736084026334,-.499999999999999112,-.517638090205040368,-.499999999999998722,-.448287736084025556,-.366025403784437598,-.258819045102520074,-.133974596215561098,-.172408117850588861e-15,.133974596215560765,.258819045102519796,.366025403784437376,.448287736084025390,.499999999999998668,.517638090205040368,.499999999999999166,.448287736084026444,.366025403784438820,.258819045102521572,.133974596215562736,.190241230676824953e-14],[-.323108914886516873e-14,-.258819045102523182,-.500000000000001442,-.707106781186548240,-.866025403784438486,-.965925826289067314,-.99999999999999856,-.965925826289066536,-.866025403784437042,-.707106781186546130,-.499999999999999112,-.258819045102520462,-.333066907387546469e-15,.258819045102519796,.499999999999998556,.707106781186545686,.866025403784436710,.965925826289066424,.99999999999999856,.965925826289067424,.866025403784438708,.707106781186548462,.500000000000001886,.258819045102523626,.367517835871523056e-14],[-.456945009556166276e-14,-.366025403784442206,-.707106781186549794,-1.00000000000000134,-1.22474487139158916,-1.36602540378443770,-1.41421356237309337,-1.36602540378443660,-1.22474487139158694,-.99999999999999822,-.707106781186546462,-.366025403784438320,-.471027737605131983e-15,.366025403784437376,.707106781186545686,.99999999999999766,1.22474487139158650,1.36602540378443638,1.41421356237309337,1.36602540378443792,1.22474487139158938,1.00000000000000156,.707106781186550460,.366025403784442816,.519748707903517232e-14],[-.559641056961895538e-14,-.448287736084031274,-.866025403784441816,-1.22474487139159094,-1.50000000000000066,-1.67303260747561522,-1.73205080756887586,-1.67303260747561388,-1.49999999999999800,-1.22474487139158739,-.866025403784437598,-.448287736084026556,-.576888805915068702e-15,.448287736084025390,.866025403784436710,1.22474487139158650,1.49999999999999756,1.67303260747561366,1.73205080756887586,1.67303260747561544,1.50000000000000088,1.22474487139159138,.866025403784442594,.448287736084032050,.636559564417238072e-14],[-.624198491186246709e-14,-.500000000000005218,-.965925826289072198,-1.36602540378444126,-1.67303260747561722,-1.86602540378443882,-1.93185165257813574,-1.86602540378443726,-1.67303260747561432,-1.36602540378443726,-.965925826289067536,-.499999999999999944,-.643435855455721509e-15,.499999999999998668,.965925826289066424,1.36602540378443638,1.67303260747561366,1.86602540378443704,1.93185165257813574,1.86602540378443904,1.67303260747561766,1.36602540378444170,.965925826289072976,.500000000000006106,.709989938580342896e-14],[-.646217829773034692e-14,-.517638090205047140,-1.00000000000000444,-1.41421356237309848,-1.73205080756887942,-1.93185165257813751,-2.,-1.93185165257813596,-1.73205080756887653,-1.41421356237309426,-.99999999999999966,-.517638090205041700,-.666133814775093924e-15,.517638090205040368,.99999999999999856,1.41421356237309337,1.73205080756887586,1.93185165257813574,2.,1.93185165257813773,1.73205080756887986,1.41421356237309892,1.00000000000000532,.517638090205048030,.735035671743047216e-14],[-.624198491186247419e-14,-.500000000000005772,-.965925826289073198,-1.36602540378444282,-1.67303260747561876,-1.86602540378444060,-1.93185165257813773,-1.86602540378443926,-1.67303260747561610,-1.36602540378443860,-.965925826289068534,-.500000000000000444,-.643435855455722200e-15,.499999999999999166,.965925826289067424,1.36602540378443792,1.67303260747561544,1.86602540378443904,1.93185165257813773,1.86602540378444082,1.67303260747561920,1.36602540378444326,.965925826289073974,.500000000000006550,.709989938580343684e-14],[-.559641056961896800e-14,-.448287736084032272,-.866025403784443816,-1.22474487139159383,-1.50000000000000400,-1.67303260747561898,-1.73205080756887986,-1.67303260747561766,-1.50000000000000156,-1.22474487139159027,-.866025403784439596,-.448287736084027554,-.576888805915069984e-15,.448287736084026444,.866025403784438708,1.22474487139158938,1.50000000000000088,1.67303260747561766,1.73205080756887986,1.67303260747561920,1.50000000000000444,1.22474487139159427,.866025403784444592,.448287736084033050,.636559564417239492e-14],[-.456945009556168090e-14,-.366025403784443592,-.707106781186552568,-1.00000000000000510,-1.22474487139159383,-1.36602540378444304,-1.41421356237309892,-1.36602540378444192,-1.22474487139159183,-1.00000000000000222,-.707106781186549238,-.366025403784439762,-.471027737605133758e-15,.366025403784438820,.707106781186548462,1.00000000000000156,1.22474487139159138,1.36602540378444170,1.41421356237309892,1.36602540378444326,1.22474487139159427,1.00000000000000554,.707106781186553236,.366025403784444260,.519748707903519284e-14],[-.323108914886519082e-14,-.258819045102524958,-.500000000000004884,-.707106781186553012,-.866025403784444370,-.965925826289073864,-1.00000000000000532,-.965925826289073086,-.866025403784442926,-.707106781186550904,-.500000000000002442,-.258819045102522238,-.333066907387548737e-15,.258819045102521572,.500000000000001886,.707106781186550460,.866025403784442594,.965925826289072976,1.00000000000000532,.965925826289073974,.866025403784444592,.707106781186553236,.500000000000005328,.258819045102525402,.367517835871525580e-14],[-.167253481630082246e-14,-.133974596215564484,-.258819045102525180,-.366025403784444148,-.448287736084032938,-.500000000000006550,-.517638090205048030,-.500000000000006106,-.448287736084032218,-.366025403784443038,-.258819045102523904,-.133974596215563069,-.172408117850591400e-15,.133974596215562736,.258819045102523626,.366025403784442816,.448287736084032050,.500000000000006106,.517638090205048030,.500000000000006550,.448287736084033050,.366025403784444260,.258819045102525402,.133974596215564734,.190241230676827793e-14],[-.237496578299778358e-28,-.190241230676827438e-14,-.367517835871525264e-14,-.519748707903519126e-14,-.636559564417239334e-14,-.709989938580343606e-14,-.735035671743047216e-14,-.709989938580343054e-14,-.636559564417238308e-14,-.519748707903517548e-14,-.367517835871523450e-14,-.190241230676825466e-14,-.244816058006984878e-29,.190241230676824953e-14,.367517835871523056e-14,.519748707903517232e-14,.636559564417238072e-14,.709989938580342896e-14,.735035671743047216e-14,.709989938580343684e-14,.636559564417239492e-14,.519748707903519284e-14,.367517835871525580e-14,.190241230676827793e-14,.270138719367376312e-28]], datatype = float[8], order = C_order)),TRANSPARENCY(.1),AXESLABELS(x,y,""));